# 针模板元数据
template.id=needle_template_50mm
template.created=2026-02-08T13:38:57.89398
needle.length.mm=50.0
tip1.x=30.27397260273972
tip1.y=30.087671232876687
tip2.x=990.7753424657535
tip2.y=34.76164383561638
